0.000010 0.894873 0.000010 0.000010 0.105097
0.008844 0.777829 0.009461 0.057570 0.146296
0.054860 0.723825 0.000010 0.000010 0.221295
0.000010 0.861080 0.000010 0.003052 0.135848
0.028235 0.886306 0.000010 0.000010 0.085439
0.003937 0.726521 0.000010 0.154256 0.115276
0.000010 0.656459 0.000010 0.066417 0.277104
0.008762 0.792785 0.036998 0.016334 0.145121
0.000010 0.000010 0.153969 0.846001 0.000010
0.032703 0.768057 0.013648 0.058308 0.127283
0.000010 0.830239 0.000010 0.061073 0.108667
0.011508 0.797408 0.000010 0.073521 0.117553
0.000010 0.488827 0.027260 0.425122 0.058781
0.062303 0.818336 0.007663 0.036196 0.075501
0.027011 0.715636 0.000010 0.000010 0.257333
0.027962 0.687474 0.006718 0.012232 0.265615
0.014588 0.730429 0.000010 0.000010 0.254963
0.033066 0.580362 0.011002 0.284449 0.091120
0.139898 0.513696 0.032077 0.079792 0.234537
0.045339 0.792541 0.044196 0.030037 0.087887
0.024046 0.727548 0.014692 0.016755 0.216959
0.045371 0.756151 0.000010 0.000010 0.198458
0.000010 0.000010 0.000010 0.999960 0.000010
0.002520 0.802910 0.000010 0.040718 0.153842
0.062075 0.853617 0.000010 0.026125 0.058173
0.019523 0.807736 0.000010 0.000010 0.172722
0.001845 0.717833 0.000010 0.078066 0.202247
0.000010 0.780709 0.000010 0.000010 0.219261
0.000010 0.000010 0.000010 0.999960 0.000010
0.006492 0.665504 0.000010 0.075321 0.252673
0.313368 0.576416 0.025986 0.022980 0.061249
0.035599 0.729283 0.000010 0.024521 0.210586
0.000010 0.814448 0.000010 0.000010 0.185522
0.000010 0.874427 0.010227 0.115327 0.000010
0.039171 0.622539 0.000010 0.000010 0.338270
0.000010 0.557824 0.036808 0.111590 0.293767
0.000010 0.783347 0.022732 0.071399 0.122512
0.024117 0.729181 0.010385 0.155058 0.081259
0.073809 0.667590 0.000010 0.094673 0.163918
0.021279 0.721840 0.026464 0.096527 0.133889
0.029379 0.809370 0.000010 0.035810 0.125431
0.000010 0.691413 0.000010 0.000010 0.308557
0.045197 0.785625 0.028615 0.075779 0.064785
0.000010 0.659913 0.012464 0.051764 0.275850
0.001855 0.551236 0.060970 0.102784 0.283154
0.000010 0.785515 0.000010 0.000010 0.214455
0.000010 0.000010 0.165969 0.834001 0.000010
0.027044 0.706874 0.027970 0.101957 0.136155
0.016988 0.863188 0.027061 0.008461 0.084302
0.000010 0.000010 0.004784 0.000010 0.995186
0.000010 0.000010 0.080531 0.000010 0.919439
0.000010 0.000010 0.001695 0.000010 0.998275
0.000010 0.000010 0.000010 0.000010 0.999960
0.000010 0.000010 0.000010 0.000010 0.999960
0.007357 0.000010 0.000010 0.000010 0.992613
0.000010 0.000010 0.000010 0.000010 0.999960
0.000010 0.000010 0.044366 0.000010 0.955604
0.000010 0.000010 0.000010 0.000010 0.999960
0.000010 0.000010 0.088156 0.000010 0.911814
0.000010 0.000010 0.082687 0.000010 0.917283
0.000010 0.000010 0.043174 0.000010 0.956796
0.000205 0.000010 0.030797 0.000010 0.968978
0.000010 0.000010 0.044384 0.000010 0.955586
0.000010 0.000010 0.000010 0.000010 0.999960
0.000010 0.000010 0.046618 0.000010 0.953352
0.016235 0.000010 0.034970 0.000010 0.948775
0.001184 0.000010 0.000017 0.000010 0.998779
0.027577 0.000010 0.000010 0.000010 0.972393
0.000010 0.000010 0.000010 0.000010 0.999960
0.000010 0.000010 0.000010 0.000010 0.999960
0.000010 0.000010 0.000776 0.000010 0.999194
0.000010 0.000010 0.094836 0.000010 0.905134
0.010736 0.000010 0.000010 0.000010 0.989234
0.000010 0.000010 0.000010 0.000010 0.999960
0.012221 0.000010 0.000010 0.000010 0.987749
0.000010 0.000010 0.023524 0.000010 0.976446
0.000010 0.000010 0.999960 0.000010 0.000010
0.001204 0.000010 0.000010 0.000010 0.998766
0.000010 0.000010 0.000010 0.000010 0.999960
0.000010 0.000010 0.022547 0.000010 0.977423
0.000010 0.000010 0.000010 0.000010 0.999960
0.023917 0.000010 0.000010 0.000010 0.976053
0.000010 0.000010 0.053822 0.000010 0.946148
0.017497 0.000010 0.053354 0.000010 0.929128
0.019566 0.000010 0.002421 0.000010 0.977993
0.008125 0.000010 0.031364 0.000010 0.960492
0.000010 0.000010 0.057084 0.000010 0.942886
0.000010 0.000010 0.009067 0.000010 0.990903
0.025391 0.000010 0.000010 0.000010 0.974579
0.000010 0.000010 0.004165 0.000010 0.995805
0.021713 0.000010 0.000010 0.000010 0.978257
0.000010 0.000010 0.027442 0.000010 0.972528
0.000010 0.000010 0.000010 0.000010 0.999960
0.000010 0.000010 0.000010 0.000010 0.999960
0.000010 0.000010 0.062145 0.000010 0.937825
0.003876 0.000010 0.000010 0.000010 0.996094
0.000010 0.000010 0.012558 0.000010 0.987412
0.000010 0.000010 0.000010 0.000010 0.999960
0.000010 0.000010 0.038065 0.000010 0.961905
0.000010 0.000010 0.054780 0.000010 0.945190
0.000010 0.000010 0.007092 0.000010 0.992878
0.000010 0.000010 0.004469 0.000010 0.995501
0.033808 0.000010 0.000010 0.000010 0.966162
0.004791 0.000010 0.000010 0.000010 0.995179
0.000010 0.000010 0.011018 0.000010 0.988952
0.000010 0.000010 0.000010 0.000010 0.999960
0.000010 0.000010 0.094690 0.000010 0.905280
0.000010 0.000010 0.000010 0.000010 0.999960
0.018713 0.000010 0.084893 0.000010 0.896374
0.000010 0.000010 0.020382 0.000010 0.979588
0.000010 0.000010 0.008355 0.000010 0.991615
0.000010 0.000010 0.055488 0.000010 0.944482
0.000010 0.000010 0.000010 0.000010 0.999960
0.000010 0.000010 0.021111 0.000010 0.978859
0.000010 0.000010 0.000010 0.000010 0.999960
0.011922 0.000010 0.010927 0.000010 0.977131
0.000010 0.000010 0.000010 0.000010 0.999960
0.000010 0.000010 0.030991 0.000010 0.968979
0.000010 0.000010 0.084495 0.000010 0.915475
0.000010 0.000010 0.000010 0.000010 0.999960
0.023409 0.000010 0.029071 0.000010 0.947500
0.000010 0.000010 0.000010 0.000010 0.999960
0.000010 0.000010 0.035612 0.013035 0.951333
0.034566 0.000010 0.013392 0.000010 0.952022
0.000010 0.000010 0.028191 0.000010 0.971779
0.000010 0.000010 0.999960 0.000010 0.000010
0.000010 0.000010 0.010134 0.000010 0.989836
0.000010 0.000010 0.000010 0.000010 0.999960
0.000010 0.000010 0.000010 0.000010 0.999960
0.000010 0.000010 0.014394 0.000010 0.985576
0.000010 0.000010 0.025112 0.000010 0.974858
0.000010 0.000010 0.025199 0.000010 0.974771
0.000010 0.000010 0.000010 0.000010 0.999960
0.000010 0.000010 0.109927 0.000010 0.890043
0.000143 0.000010 0.018708 0.000010 0.981129
0.000010 0.000010 0.000010 0.000010 0.999960
0.021077 0.000010 0.111396 0.000010 0.867507
0.000010 0.000010 0.005706 0.000010 0.994264
0.000010 0.000010 0.000010 0.000010 0.999960
0.011396 0.000010 0.024568 0.000010 0.964017
0.000010 0.000010 0.123870 0.000010 0.876100
0.000010 0.000010 0.012662 0.000010 0.987308
0.000010 0.000010 0.000010 0.000010 0.999960
0.000010 0.000010 0.081178 0.000010 0.918792
0.000010 0.000010 0.016345 0.000010 0.983625
0.000010 0.000010 0.000010 0.000010 0.999960
0.001002 0.000010 0.094776 0.000010 0.904202
0.000010 0.000010 0.037495 0.000010 0.962475
0.000010 0.000010 0.006888 0.000010 0.993082
0.000010 0.000010 0.023040 0.000010 0.976930
0.000010 0.000010 0.016039 0.000010 0.983931
0.000010 0.000010 0.000010 0.000010 0.999960
0.000010 0.000010 0.000010 0.000010 0.999960
0.000010 0.000010 0.056081 0.000010 0.943889
0.019929 0.000010 0.052499 0.000010 0.927552
0.000010 0.000010 0.000010 0.000010 0.999960
0.000010 0.000010 0.000010 0.000010 0.999960
0.000010 0.000010 0.000010 0.000010 0.999960
0.000010 0.000010 0.032035 0.000010 0.967935
0.000010 0.000010 0.000010 0.000010 0.999960
0.000010 0.000010 0.063724 0.000010 0.936246
0.921172 0.000010 0.026926 0.006640 0.045253
0.895770 0.000010 0.000010 0.000010 0.104200
0.753926 0.000010 0.011748 0.011090 0.223225
0.772551 0.047218 0.070097 0.000010 0.110124
0.397761 0.003552 0.005049 0.000010 0.593628
0.433687 0.000010 0.096622 0.000010 0.469670
0.891336 0.000010 0.070430 0.000010 0.038214
0.441707 0.000010 0.005157 0.000010 0.553116
0.649249 0.000010 0.005633 0.019452 0.325656
0.999960 0.000010 0.000010 0.000010 0.000010
0.902102 0.000010 0.000010 0.000010 0.097868
0.860851 0.000010 0.000010 0.000010 0.139119
0.999960 0.000010 0.000010 0.000010 0.000010
0.588210 0.000010 0.015229 0.000010 0.396542
0.578958 0.000010 0.085529 0.000010 0.335493
0.000010 0.000010 0.999960 0.000010 0.000010
0.463318 0.000010 0.149650 0.022375 0.364647
0.412918 0.039405 0.054036 0.000010 0.493632
0.411870 0.000010 0.000010 0.000010 0.588100
0.540392 0.000010 0.001963 0.002489 0.455146
0.986046 0.000010 0.013924 0.000010 0.000010
0.736616 0.029150 0.000010 0.010007 0.224217
0.743322 0.000010 0.000010 0.000010 0.256648
0.634078 0.030912 0.040047 0.014847 0.280117
0.770735 0.031134 0.009478 0.000010 0.188644
0.999960 0.000010 0.000010 0.000010 0.000010
0.799834 0.000010 0.016950 0.000010 0.183196
0.706843 0.000010 0.000010 0.000010 0.293127
0.766706 0.000010 0.000010 0.000010 0.233264
0.459033 0.009058 0.075552 0.000010 0.456347
0.748756 0.000010 0.024632 0.000010 0.226592
0.999960 0.000010 0.000010 0.000010 0.000010
0.855640 0.000010 0.000010 0.000010 0.144330
0.159885 0.000010 0.840085 0.000010 0.000010
0.877857 0.000010 0.012073 0.000010 0.110050
0.998096 0.000010 0.000010 0.001874 0.000010
0.471158 0.000010 0.000010 0.000010 0.528812
0.672541 0.033969 0.092243 0.000010 0.201236
0.847011 0.000010 0.000010 0.000010 0.152959
0.568480 0.000010 0.017278 0.017046 0.397186
0.881187 0.000010 0.000010 0.006265 0.112528
0.920944 0.000010 0.000010 0.000010 0.079026
0.596919 0.006625 0.000010 0.028696 0.367749
0.737330 0.000010 0.000010 0.000010 0.262640
0.846104 0.000010 0.000010 0.000010 0.153866
0.490061 0.015127 0.001191 0.000010 0.493611
0.744035 0.041753 0.000010 0.000010 0.214192
0.910427 0.000010 0.000010 0.000010 0.089543
0.000010 0.000010 0.999960 0.000010 0.000010
0.471649 0.000010 0.018227 0.000010 0.510105
0.000010 0.996052 0.000010 0.003918 0.000010
0.000010 0.999960 0.000010 0.000010 0.000010
0.000010 0.999960 0.000010 0.000010 0.000010
0.000010 0.999960 0.000010 0.000010 0.000010
0.000010 0.999960 0.000010 0.000010 0.000010
0.000010 0.939837 0.000010 0.060133 0.000010
0.000010 0.978424 0.000010 0.021546 0.000010
0.000010 0.999960 0.000010 0.000010 0.000010
0.000010 0.948858 0.000010 0.051112 0.000010
0.000010 0.989208 0.000010 0.010762 0.000010
0.000010 0.989840 0.000010 0.010130 0.000010
0.000010 0.949832 0.011106 0.039042 0.000010
0.000010 0.999960 0.000010 0.000010 0.000010
0.000010 0.999960 0.000010 0.000010 0.000010
0.000010 0.999960 0.000010 0.000010 0.000010
0.000010 0.999960 0.000010 0.000010 0.000010
0.000010 0.960540 0.000010 0.039430 0.000010
0.000010 0.966076 0.000010 0.033894 0.000010
0.000010 0.978741 0.000010 0.021229 0.000010
0.000010 0.969030 0.000010 0.030940 0.000010
0.000010 0.869836 0.000010 0.130134 0.000010
0.000010 0.974690 0.008253 0.017037 0.000010
0.000010 0.988463 0.000010 0.011507 0.000010
0.000010 0.999960 0.000010 0.000010 0.000010
0.000010 0.984374 0.000010 0.015596 0.000010
0.000544 0.999426 0.000010 0.000010 0.000010
0.000010 0.956258 0.000010 0.043712 0.000010
0.000010 0.966106 0.000010 0.033864 0.000010
0.000010 0.936463 0.000010 0.063507 0.000010
0.000010 0.890480 0.000010 0.109490 0.000010
0.000010 0.983439 0.000010 0.016531 0.000010
0.000010 0.990917 0.009050 0.000013 0.000010
0.000010 0.999960 0.000010 0.000010 0.000010
0.000010 0.999960 0.000010 0.000010 0.000010
0.001053 0.945653 0.000010 0.053274 0.000010
0.000010 0.971310 0.000010 0.028660 0.000010
0.002360 0.945041 0.008916 0.043673 0.000010
0.000010 0.952532 0.000010 0.047438 0.000010
0.000010 0.999960 0.000010 0.000010 0.000010
0.000010 0.999960 0.000010 0.000010 0.000010
0.000010 0.883245 0.000010 0.116725 0.000010
0.000010 0.997587 0.000010 0.002383 0.000010
0.000010 0.999960 0.000010 0.000010 0.000010
0.000010 0.960130 0.000010 0.039840 0.000010
0.000010 0.980690 0.000010 0.019280 0.000010
0.000010 0.955235 0.000010 0.044735 0.000010
0.000010 0.969797 0.011629 0.018554 0.000010
0.000010 0.995290 0.004680 0.000010 0.000010
0.000010 0.999960 0.000010 0.000010 0.000010
0.000010 0.999960 0.000010 0.000010 0.000010
0.000010 0.950198 0.000010 0.035826 0.013956
0.000010 0.894252 0.000010 0.105718 0.000010
0.000010 0.999960 0.000010 0.000010 0.000010
0.000010 0.988796 0.011174 0.000010 0.000010
0.000010 0.999960 0.000010 0.000010 0.000010
0.000010 0.999960 0.000010 0.000010 0.000010
0.000010 0.990983 0.000010 0.008987 0.000010
0.000010 0.908444 0.000010 0.091526 0.000010
0.000010 0.999960 0.000010 0.000010 0.000010
0.000010 0.954133 0.000010 0.045837 0.000010
0.000010 0.999960 0.000010 0.000010 0.000010
0.000010 0.999960 0.000010 0.000010 0.000010
0.000010 0.999960 0.000010 0.000010 0.000010
0.000010 0.942277 0.000010 0.057152 0.000551
0.000010 0.999960 0.000010 0.000010 0.000010
0.000010 0.999960 0.000010 0.000010 0.000010
0.000010 0.995326 0.004644 0.000010 0.000010
0.000010 0.930885 0.010103 0.058992 0.000010
0.000010 0.998844 0.000010 0.001126 0.000010
0.000010 0.999960 0.000010 0.000010 0.000010
0.000010 0.968328 0.000010 0.031642 0.000010
0.000010 0.957820 0.000010 0.042150 0.000010
0.000010 0.986796 0.000010 0.013174 0.000010
0.000010 0.999960 0.000010 0.000010 0.000010
0.000010 0.959818 0.000010 0.040152 0.000010
0.000010 0.911285 0.000010 0.088685 0.000010
0.000010 0.999960 0.000010 0.000010 0.000010
0.000010 0.963303 0.000010 0.036667 0.000010
0.000010 0.999960 0.000010 0.000010 0.000010
0.000010 0.999960 0.000010 0.000010 0.000010
0.000010 0.946346 0.000010 0.053624 0.000010
0.000010 0.000010 0.000010 0.999960 0.000010
0.000010 0.000010 0.000010 0.999960 0.000010
0.000010 0.965209 0.000010 0.034761 0.000010
0.000010 0.999960 0.000010 0.000010 0.000010
0.000010 0.999960 0.000010 0.000010 0.000010
0.000010 0.913908 0.000010 0.086062 0.000010
0.017140 0.982830 0.000010 0.000010 0.000010
0.000010 0.952051 0.000010 0.047919 0.000010
0.000010 0.954848 0.000010 0.045122 0.000010
0.000010 0.999960 0.000010 0.000010 0.000010
0.000010 0.954467 0.000010 0.045503 0.000010
0.000010 0.999960 0.000010 0.000010 0.000010
0.000010 0.999960 0.000010 0.000010 0.000010
0.000010 0.990487 0.000010 0.000010 0.009483
0.000010 0.958689 0.000010 0.041281 0.000010
0.000010 0.932395 0.000014 0.067572 0.000010
0.000010 0.930885 0.000010 0.069085 0.000010
0.000010 0.914950 0.000010 0.085020 0.000010
0.000010 0.998346 0.001624 0.000010 0.000010
0.000010 0.938359 0.000010 0.061611 0.000010
0.000010 0.922552 0.000010 0.077418 0.000010
0.000010 0.960962 0.000010 0.039008 0.000010
0.000010 0.999960 0.000010 0.000010 0.000010
0.000010 0.936568 0.000010 0.063402 0.000010
0.000010 0.999960 0.000010 0.000010 0.000010
0.000010 0.999474 0.000496 0.000010 0.000010
0.000010 0.999960 0.000010 0.000010 0.000010
0.000010 0.972523 0.000010 0.027447 0.000010
0.000010 0.966499 0.000010 0.033471 0.000010
0.000010 0.999960 0.000010 0.000010 0.000010
0.000010 0.890309 0.000010 0.109661 0.000010
0.000010 0.918729 0.000010 0.081241 0.000010
